[LEFT_CAM_2K]
fx=1075.57
fy=1075.54
cx=1093.98
cy=661.748
k1=-0.065066
k2=0.0384344
p1=0.000137369
p2=-0.000276735
k3=-0.0136258

[RIGHT_CAM_2K]
fx=1067.78
fy=1068.31
cx=1172.61
cy=612.756
k1=-0.0362431
k2=0.00799445
p1=0.000104667
p2=0.000261827
k3=-0.00447969

[LEFT_CAM_FHD]
fx=1075.57
fy=1075.54
cx=949.98
cy=580.748
k1=-0.065066
k2=0.0384344
p1=0.000137369
p2=-0.000276735
k3=-0.0136258

[RIGHT_CAM_FHD]
fx=1067.78
fy=1068.31
cx=1028.61
cy=531.756
k1=-0.0362431
k2=0.00799445
p1=0.000104667
p2=0.000261827
k3=-0.00447969

[LEFT_CAM_HD]
fx=537.785
fy=537.77
cx=633.49
cy=378.874
k1=-0.065066
k2=0.0384344
p1=0.000137369
p2=-0.000276735
k3=-0.0136258

[RIGHT_CAM_HD]
fx=533.89
fy=534.155
cx=672.805
cy=354.378
k1=-0.0362431
k2=0.00799445
p1=0.000104667
p2=0.000261827
k3=-0.00447969

[LEFT_CAM_VGA]
fx=268.8925
fy=268.885
cx=332.245
cy=196.937
k1=-0.065066
k2=0.0384344
p1=0.000137369
p2=-0.000276735
k3=-0.0136258

[RIGHT_CAM_VGA]
fx=266.945
fy=267.0775
cx=351.9025
cy=184.689
k1=-0.0362431
k2=0.00799445
p1=0.000104667
p2=0.000261827
k3=-0.00447969

[LEFT_DISTO]
k1=13.3234
k2=-9.121
k3=1.29893
k4=13.7305
k5=-9.05726
k6=1.1858
p1=0.000190014
p2=3.06068e-05

[RIGHT_DISTO]
k1=-0.717989
k2=1.99466
k3=0.146367
k4=-0.616541
k5=1.85446
k6=0.297108
p1=0.000167879
p2=-1.14363e-05

[STEREO]
Baseline=119.819
TY=-0.259861
TZ=0.236398
CV_2K=-0.00112942
CV_FHD=-0.00112942
CV_HD=-0.00112942
CV_VGA=-0.00112942
RX_2K=-0.00121074
RX_FHD=-0.00121074
RX_HD=-0.00121074
RX_VGA=-0.00121074
RZ_2K=0.00106948
RZ_FHD=0.00106948
RZ_HD=0.00106948
RZ_VGA=0.00106948

[MISC]
Sensor_ID=0


